trainning scale:0.300000
kernel size:7
Load model and test accuracy:
Loss = 0.04435388556145953
Test Accuracy = 0.9832915622389307
classify_report:
              precision    recall  f1-score   support

         1.0       1.00      1.00      1.00        33
         2.0       0.98      0.99      0.99      1000
         3.0       0.98      0.99      0.99       581
         4.0       0.98      0.99      0.99       166
         5.0       1.00      0.99      0.99       339
         6.0       1.00      0.98      0.99       511
         7.0       1.00      1.00      1.00        20
         8.0       1.00      1.00      1.00       335
         9.0       0.78      1.00      0.88        14
        10.0       0.96      0.99      0.98       681
        11.0       1.00      0.97      0.98      1719
        12.0       0.99      1.00      0.99       416
        13.0       1.00      1.00      1.00       144
        14.0       1.00      0.97      0.98       886
        15.0       0.86      1.00      0.92       271
        16.0       0.97      1.00      0.99        66

    accuracy                           0.98      7182
   macro avg       0.97      0.99      0.98      7182
weighted avg       0.98      0.98      0.98      7182

overall_accuracy: 0.983292 
average_accuracy: 0.968338 
kappa score: 0.980986 
